m_S = 1.9891e30;
mu_S = 1.32712440019e20;
mE = 6.0477e24;
m_M = 641.85e21;
a_M = 227939200e3;
AU = 149597870.7e3;
csslp = 1.53e-3; % kg/m^2
G_SC = 1360.8; % W/m^2
c = 299792458; % m/s